0 0 70 70
100 0 70 70
200 0 70 70
300 0 70 70
400 0 70 70
500 0 70 70
600 0 70 70
700 0 70 70
800 0 70 70
900 0 70 70
1000 0 70 70
1100 0 70 70
0 100 70 70
100 100 70 70
200 100 70 70
300 100 70 70
400 100 70 70
500 100 70 70
600 100 70 70
700 100 70 70
800 100 70 70
900 100 70 70
1000 100 70 70
1100 100 70 70
0 200 70 70
100 200 70 70
200 200 70 70
300 200 70 70
400 200 70 70
500 200 70 70
600 200 70 70
700 200 70 70
800 200 70 70
900 200 70 70
1000 200 70 70
1100 200 70 70
0 300 70 70
100 300 70 70
200 300 70 70
300 300 70 70
400 300 70 70
500 300 70 70
600 300 70 70
700 300 70 70
800 300 70 70
900 300 70 70
1000 300 70 70
1100 300 70 70
0 400 70 70
100 400 70 70
200 400 70 70
300 400 70 70
400 400 70 70
500 400 70 70
600 400 70 70
700 400 70 70
800 400 70 70
900 400 70 70
1000 400 70 70
1100 400 70 70
0 500 70 70
100 500 70 70
200 500 70 70
300 500 70 70
400 500 70 70
500 500 70 70
600 500 70 70
700 500 70 70
800 500 70 70
900 500 70 70
1000 500 70 70
1100 500 70 70
0 600 70 70
100 600 70 70
200 600 70 70
300 600 70 70
400 600 70 70
500 600 70 70
600 600 70 70
700 600 70 70
800 600 70 70
900 600 70 70
1000 600 70 70
1100 600 70 70
0 700 70 70
100 700 70 70
200 700 70 70
300 700 70 70
400 700 70 70
500 700 70 70
600 700 70 70
700 700 70 70
800 700 70 70
900 700 70 70
1000 700 70 70
1100 700 70 70
0 800 70 70
100 800 70 70
200 800 70 70
300 800 70 70
400 800 70 70
500 800 70 70
600 800 70 70
700 800 70 70
800 800 70 70
900 800 70 70
1000 800 70 70
1100 800 70 70
0 900 70 70
100 900 70 70
200 900 70 70
300 900 70 70
400 900 70 70
500 900 70 70
600 900 70 70
700 900 70 70
800 900 70 70
900 900 70 70
1000 900 70 70
1100 900 70 70
0 1000 70 70
100 1000 70 70
200 1000 70 70
300 1000 70 70
400 1000 70 70
500 1000 70 70
600 1000 70 70
700 1000 70 70
800 1000 70 70
900 1000 70 70
1000 1000 70 70
1100 1000 70 70
0 1100 70 70
100 1100 70 70
200 1100 70 70
300 1100 70 70
400 1100 70 70
500 1100 70 70
600 1100 70 70
700 1100 70 70
800 1100 70 70
end of saved tables
end of misc rectangles
